Compound	Tv26173F	Tv26173G	Tv26193F	Tv26193G	Tv2643F	Tv2643G	Tv2644F	Tv2644G	Tv2645F	Tv2645G	Tv927F	Tv927G	Tv928F	Tv928G	Tv932F	Tv932G	Tv935F	Tv935G	Tv941F	Tv941G	Tv1847F	Tv1847G	Tv185F	Tv185G	Tv186F	Tv186G	Tv2613F	Tv2613G	Tv2626F	Tv2626G	Tv264F	Tv264G	Tv266F	Tv266G	Tv964F	Tv964G	Tv966F	Tv966G	Tv976F	Tv976G	Tv977F	Tv977G	Tv1822F	Tv1822G	Tv1824F	Tv1824G	Tv1845F	Tv1845G	Tv1860F	Tv1860G	Tv1881F	Tv1881G	Tv26152F	Tv26152G	Tv26153F	Tv26153G	Tv26165F	Tv26165G
1_8_cineole	1.270200531	0.88849902	1.72790502	1.111672386	1.71303976	0.990762116	9.48375544	12.87843132	1.304760884	1.080386241	7.4521954	4.011921317	5.094466738	3.060877207	7.05095294	2.373759578	7.897374153	4.372099896	5.640184575	2.826102668	0.576831989	0.516013088	1.796456617	0.917358582	3.123558862	2.624142364	0.334826643	0.503586472	0.63938089	0	0.625909357	0.379541937	0.268446815	0	2.266619165	1.730098717	1.941469231	0.898569725	0.668581822	0.988722857	1.447656581	0.762465177	9.995270969	15.01349307	8.113560209	12.23929976	6.505083493	13.31925018	13.99690972	23.97994766	5.891032172	8.231495845	13.52844668	20.7855679	5.544036274	8.919290772	8.176655627	12.98053708
a_pinene	0.264443432	0.047125424	0.201704421	0.046933256	0.132365015	0.140598848	0.626478375	0.302698607	0.22890587	0	1.229016742	0.509224011	0.56614427	0.253331154	0.362411502	0.085352913	2.001353302	1.380477898	0.330585878	0	0	0.210993985	0.531786818	0.652996349	0	0.285153047	0.190901866	0.152452192	0.167653808	0.706052176	0.498287454	1.110876511	0.261825127	0.519247708	0.875272655	1.568910662	0.724338514	0.452978123	0	0	0.195380278	0	1.212440635	1.129118057	0.926595365	1.271229405	0	0.289150274	0.506223676	0.632233918	0.248649937	0	0.393379555	0.480318079	0.288006817	0.292803291	0.239298005	0
a_thujene	0	0	0	0	0	0	0	0	0.111248369	0	0	0.109186868	0	0	0	0	0.08033723	0.257839657	0	0	0	0	0	0	0	0	0	0	0	0	0	0	0	0	0	0	0	0	0	0	0	0	0	0	0	0	0	0	0	0	0	0	0	0	0	0	0	0
a_thujone	63.08281945	66.22910654	64.27948572	68.56974785	63.87001465	67.13999903	81.48737213	79.09749007	53.88167981	67.10461358	48.82091211	54.36808386	55.61132709	63.17907171	74.92414127	86.1012485	41.61679694	49.00684322	77.1961485	82.36555896	0	0	0	0	0	0	13.24663883	16.10456231	0	0	0	0	0	0	0	0	0	0	0	0	13.39245612	22.78595343	0	0	0	0	0	0	0	0	24.77924752	24.74754948	0	0	19.8778791	13.44417663	16.1529986	18.31525297
artemisia_alcohol	0	0	0	0	0	0	0	0	0	0	0	0	0	0	0	0	0	0	0	0	10.87697583	5.010692176	9.181062347	10.56321183	7.020012132	3.536681797	9.962171039	5.560389746	10.5495197	3.960091672	11.34258517	4.949381248	17.1542986	2.741464933	8.311106061	6.757143054	11.37772512	2.71078725	4.635664908	2.611674142	11.48433899	4.411167167	0.376859428	0	0.47400494	0	0.611298142	0.470899126	0.884313303	0.536563058	2.435086927	0.489811182	1.561804748	0.435624994	1.042201859	0.548857221	1.667052024	0.570704849
artemisia_ketone	0	0	0	0	0	0	0	0	0	0	0	0	0	0	0	0	0	0	0	0	76.70461353	71.5298106	77.21602799	71.29710405	74.67500789	90.33300634	63.31261155	70.23499557	77.52536538	74.13997338	69.82343763	69.65003944	71.53749436	73.96076716	59.43738076	57.13528749	62.86557621	69.08516468	84.89990566	91.56584522	63.49466305	66.22404974	0	0	0	0	0	2.274104191	0	0	0	0	0	0	0	0	0	0
b_artemisia_acetate	0	0	0	0	0	0	0	0	0	0	0	0	0	0	0	0	0	0	0	0	0	0	0	0	0	0	1.558138106	1.390525304	0	0	0	0	0	0	0	0	0	0	1.371232419	0.692727618	0	0	12.78659743	3.854379537	9.032846534	6.835752388	6.189061443	3.337438623	15.66199083	9.162858561	10.16820733	8.45670536	20.72389263	9.691614343	21.78723102	7.219246027	13.61533172	9.556647261
b_Pinene	0	0	0.096164858	0	0	0	0.363554171	0.235521777	0.156717782	0	0.334973817	0	0.355225661	0	0.2631986	0	0.423555586	0.245516599	0.288173245	0	0	0	0.251697062	0.321975935	0	0	0	0	0	0.267181228	0	0.56407566	0.138792117	0.356435681	0	0.087875022	0	0	0	0	0	0	0.323486465	0.58748364	0.36949539	0.596581503	0	0.383728951	0.526220795	0.625050113	0.135395266	0	0	0	0	0.172121017	0.174149852	0
b_thujone	33.42682593	32.38515181	31.00243081	29.90152586	31.2150083	31.30973506	3.469162407	3.935626799	28.12764377	28.9080119	3.838719178	6.18108139	27.76004628	30.74573704	5.007921198	7.17628848	3.055573284	4.089986113	3.861512974	5.768485764	0	0	0	0	0	0	1.220769505	1.80917841	0	0	0	0	0	0	0	0	0	0	0	0	1.061663867	2.158599596	0	0	0	0	0	0	0	0	2.319830319	2.406019018	0	0	1.562766048	1.74804687	1.543047533	1.961417221
borneol	0	0	0	0	0	0	0	0	0	0	17.76472429	28.10509324	0	0	0	0	20.65675637	31.73746146	0	0	0.660133127	13.08013317	0.510131993	2.53251822	0	0	0	0	1.012180782	8.95236314	1.433541705	8.555143084	1.908644072	10.18653836	9.729505826	15.85261916	8.509827574	13.84601118	0	0	0	0	0	0	0	0	0	0	0.489049251	3.667122109	0	0	0	8.217003492	0	0	0	0
camphene	0	0	0	0	0	0	0	0	0	0	1.102435563	1.970694773	0	0	0	0	1.35716462	1.9340673	0	0	1.161231864	3.892230395	1.017919718	1.503246936	0	0	0	0	0.472370639	3.032356571	1.09881865	3.394872467	0.896152168	3.806568032	0.688813996	1.365237438	0.744109173	1.515778257	0	0	0	0	0	0	0	0	0	0	0.415255565	2.169605136	0	0	0	3.33403346	0	0	0	0
camphor	0	0	0	0	0	0	0	0	0	0	0.608965785	0.220669014	0	0	0	0	0	0	0	0	4.014079939	2.615246473	3.548217091	6.665951962	0	0	0	0	1.424007584	5.307276263	2.690249623	7.222767177	2.035944108	5.150234361	3.573605572	7.467518786	2.181874424	7.630221502	0	0	0	0	0	0	0	0	0	0	1.115126699	4.038812039	0	0	0	5.269364443	0	0	0	0
chrysanthenyl_acetate	0	0	0	0	0	0	0	0	0	0	0	0	0	0	0	0	0	0	0	0	0	0	0	0	0	0	0	0	0	0	0	0	0	0	0	0	0	0	0	0	0	0	2.781292391	4.249994816	4.013498126	2.646435832	0.858385617	2.335843171	0.319864206	0	0	0.723669913	0	0	0	0.502136488	0	0
eugenol	0	0	0	0	0	0	0	0	0	0	0	0	0.425156002	0	0	0	0.344000966	0	0	0	0	0	0.634198759	0.872350387	0	0	0.526992848	1.114160013	0	0	0	0.881548502	0.437974814	0	0	0.714293937	0.441155458	0	0	0	0	0	0	0	0	0	0	0	0	0	0	0	0	0	0	0	0	0
lavandulol	0	0	0	0	0	0	0	0	0	0	0	0	0	0	0	0	0	0	0	0	0	0	0.721888337	2.444991873	0	0	0.38805371	0.21745098	1.308656592	0	0.639489461	0.390131338	0	0	0.491798128	0.140054719	0	0	0	0	0.905909211	0	0	0	0	0	0	0	0	0	0	0	0	0	0	0	0	0
limonene	0	0	0	0	0	0	0	0	0	0	0.187150082	0	0	0	0	0	0.949652549	0	0	0	0	0	0	0	0	0	0	0	0.173084728	0	0	0.216010232	0	0	0.379122849	0.433929284	0.104079324	0	0	0	0	0	0	0	0	0	0	0	0	0	0	0	0	0	0	0	0	0
p-cymene	0.217680468	0.228338975	0	0.142317505	0.215412769	0.158641461	0.386297759	0.201242853	0.390013425	0.696931944	0.309178136	0.423572231	0.335952732	0	0.225805055	0.292960499	0.624338834	1.75996171	0.293062253	0.537156803	0	0	0	0	0.281410287	0.21587026	0.156597382	0.154820624	0.844556094	0.686722263	0.727102149	0.198140249	0.582777582	0.551620677	0	0.17919454	0.070387563	0.248403422	0	0.364550947	0.133966596	0.422852219	1.07447504	2.787799266	0.507775002	2.10103836	0	0	0.224271025	0.65635467	0	0	0.381628459	0.51737571	0	0	0	0.395316389
sabinene	1.738030191	0	2.394153628	0	2.391089269	0	3.585907573	2.303187484	9.53453466	0	8.084902866	0	4.786903589	0	4.049650028	0	17.68540426	2.138708837	4.382685164	1.914554377	0	0	0	0	0	0	0	0	0	0	0	0	0	0	3.410368871	3.848351287	3.453783316	1.395435229	0	0	0	0	0	3.258023595	2.620418974	0	0	1.640034324	2.590324876	0	0	0	0	0	0	0	0	0
sabinene_hydrate	0	0	0	0	0	0	0	0.803631483	0	0.425127258	0.526382064	0.372273314	0	0	0.292877898	0.227053454	0.774045428	2.108745462	0	0.449925167	0	0	0	0	0	0	0	0	0.222268769	0	0	0.165614818	0.19722404	0	0	0.350886837	0.182773576	0.297401299	0	0	0	0	2.294449869	4.146618231	1.430503735	3.955985557	0	0.593240008	0.449472671	0.996142009	0	0	0.699121264	0	0	0.282179133	0	0
santolina_triene	0	0	0	0	0	0	0	0	0	0	0	0	0	0	0	0	0	0	0	0	0	0	0.169881835	0	0	0	0.111423834	0.08411806	0	0	0	0.173449324	0	0	0.324346349	0.111494418	0.178551538	0	0	0	0.650796646	0	45.52892283	27.24553084	39.77072682	38.03500793	31.45353143	16.03569096	29.72251629	6.589579688	20.0412119	4.262253587	14.84729093	1.453329231	7.969955731	9.507397967	17.20549369	3.67804489
trans_Sabinol	0	0.22177823	0.298155545	0.227803145	0.46307023	0.260263491	0.597472142	0.242169605	0.593630598	0.354096021	2.161442138	0.649187967	0.615238257	0.383294956	0.692764619	0.351115755	2.53364647	0.968291849	0.766314429	0.575715159	0	0	0	0	0	0	0.12513766	0.232385911	0	0	0	0	0	0	0	0	0	0	0	0	0	0.463308716	0	0	0	0	0	0	0	0	0.505084609	0	0	0.354960246	0	0.233116665	0	0
umbellulone	0	0	0	0	0	0	0	0	5.670864831	1.430833053	7.579001822	3.079012007	4.449539375	2.377687933	7.130276892	3.392220824	0	0	7.241332986	5.5625011	0	0	0	0	0	0	0	0	0	0	0	0	0	0	0	0	0	0	0	0	0	0	0	0	0	0	0	0	0	0	0	0	0	0	0	0	0	0
unknown_monoterpene_1	0	0	0	0	0	0	0	0	0	0	0	0	0	0	0	0	0	0	0	0	0	0	0	0	0	0	0	0	0	0	0	0	0	0	0	0	0	0	0	0	0	0	0	1.159820386	0.568147496	1.045943204	0.639681444	0.684739827	0.470582609	1.224096771	0.790438457	1.636858247	1.137749438	3.052927507	1.132721119	1.703305215	1.021653249	3.366891923
unknown_monoterpene_4	0	0	0	0	0	0	0	0	0	0	0	0	0	0	0	0	0	0	0	0	3.543681115	0.284491453	2.914772389	0.212253399	13.12868525	0.828648793	7.171175181	0.745247336	3.832683171	0.655116048	9.2196293	0.511947756	2.698951495	0.527101992	9.252447461	0.519514709	5.738207302	0	6.507532595	1.190796116	5.824662869	0.870427445	0	0	0	0	0	0	0	0	0	0	0	0	0	0	0	0
unknown_monoterpene_5	0	0	0	0	0	0	0	0	0	0	0	0	0	0	0	0	0	0	0	0	0	0	0	0	0	0	0	0	0	0	0	0	0	0	0	0	0	0	0	0	0	0	2.044922916	3.984056989	3.106991574	2.345440913	2.716685024	6.018415683	5.968926989	9.407056254	5.382213379	9.839196175	7.565122645	4.682107907	6.951428267	14.08678617	8.974486544	11.40630158
unknown_monoterpene_9	0	0	0	0	0	0	0	0	0	0	0	0	0	0	0	0	0	0	0	0	0	0	0	0	0	0	0	0	0	0	0	0	0	0	0	0	0	0	0	0	0	0	2.213474571	1.678059983	2.472669427	2.510677876	4.338649643	5.574465314	3.11776781	3.6009617	3.12019548	5.243098911	7.630336841	12.70016024	3.862856964	3.29670083	3.776412616	6.699406793
unknown_terpineol_1	0	0	0	0	0	0	0	0	0	0	0	0	0	0	0	0	0	0	0	0	0	0	0	0	0	0	0	0	0	0	0	0	0	0	0	0	0	0	0	0	0	0	2.075071209	4.470993005	2.388659658	3.790955688	5.614931705	8.247404105	2.748477028	3.185268194	4.143973723	3.444383645	2.180587138	1.97924116	1.423651109	3.645767943	2.846717418	3.035666607
Yomogi_alcohol	0	0	0	0	0	0	0	0	0	0	0	0	0	0	0	0	0	0	0	0	2.462452612	2.860388655	1.505959045	2.016040482	1.771325579	2.1764974	1.694561848	1.696127079	1.828271866	2.292867262	1.900949501	1.636460257	1.881474697	2.200021089	1.259612313	1.737589944	1.486141674	1.919249331	1.917082597	2.5856831	1.408505797	1.901176511	1.00462823	0.709367957	0.921619561	0.88120008	0.825842768	0.834917262	1.138711751	0.954693003	1.006025312	1.28714024	1.509545603	1.853108838	1.235329431	1.09948974	1.350778848	1.762595241
Z_myroxide	0	0	0	0	0	0	0	0	0	0	0	0	0	0	0	0	0	0	0	0	0	0	0	0	0	0	0	0	0	0	0	0	0	0	0	0	0	0	0	0	0	0	16.28810801	25.72526063	23.28248719	21.7444515	40.24684929	37.96067799	19.6539949	28.57365512	19.03340766	29.2318184	27.84109407	25.19326245	27.32193626	33.29857802	23.25592427	26.2712172